200 20
5446 2577 2780 7530 8312 1173 3099 6268 6310 7375 8291 3740 7652 9445 2855 1263 1542 3303 8743 898 1018 473 3380 7306 3823 5848 4190 2435 1143 5394 756 2518 8557 4614 9534 4569 2840 3553 5587 228 8783 8812 3085 2408 4797 9958 2072 6000 1410 7021 418 7819 8103 6234 231 1675 4455 3305 2229 293 976 4195 6875 577 8734 4353 5743 5261 4390 7964 3917 9506 6227 2225 8618 242 1870 8268 3643 5993 2572 7737 5850 2481 2246 7382 5036 6819 8613 3229 3264 8594 2480 7291 4704 1135 8003 4801 6970 2604 4499 157 5981 3580 1123 8990 1202 8709 618 6204 9992 980 3266 5921 5775 4934 2062 571 4185 793 4371 7435 4079 4623 4940 4894 3071 3808 7491 6841 9140 8184 7204 5939 5231 5988 9603 394 8974 7821 9268 6644 5112 1992 5514 7051 5118 5966 3848 5076 4926 2584 3216 6215 2183 6251 8779 4168 3232 9838 4696 8414 332 9874 9723 3010 2668 3352 2909 9312 734 9916 1562 4021 818 5949 9791 6242 2447 4428 6523 7447 1152 8551 2416 2906 5228 9212 349 4503 5013 1092 8436 5634 5982 118 1019 1663 6786 5349
1769
814024
3
981
100
10294
77
324
1000000000000000
44
144
39 
109 
173 
158 
20 
143 
186
81
49